467
803
836
357
751
752
648
980
279
373
119
282
220
336
387
504
931
877
97
610
924
452
292
924
330
79
28
844
262
76
555
319
580
708
711
573
831
734
739
951
790
916
881
296
398
199
909
59
388
988
620
772
427
917
596
446
982
708
168
971
880
488
325
596
392
290
152
871
753
467
686
107
649
387
119
848
72
88
43
469
314
42
705
37
798
913
920
987
449
958
707
152
656
624
801
38
727
844
171
165
505
402
600
772
909
454
890
954
652
654
209
693
923
779
850
776
223
607
820
152
501
406
356
146
681
66
841
397
140
968
221
31
359
335
468
792
972
288
547
206
495
293
710
420
885
617
659
999
951
265
472
160
560
437
753
197
560
754
773
605
121
856
732
649
546
30
27
429
380
804
361
373
212
732
157
993
713
911
987
542
901
706
705
320
844
244
321
50
713
729
260
961
852
647
773
179
131
284
926
933
448
229
418
366
584
707
495
512
508
875
586
706
945
883
509
539
830
127
732
475
173
375
762
87
323
103
370
188
376
688
725
911
534
159
482
340
985
687
920
878
498
812
421
810
122
484
813
51
101
296
674
945
536
434
18
415
966
878
528
403
793
722
642
171
267
530
156
861
129
161
225
151
121
706
96
702
617
646
250
918
527
675
8
530
339
703
390
498
319
728
417
915
53
873
666
337
184
337
610
168
278
166
323
823
531
415
727
374
136
926
890
967
558
176
362
447
141
547
113
263
37
11
138
990
98
714
423
959
552
647
776
407
77
230
876
364
887
37
245
393
375
437
641
419
787
90
640
580
928
909
56
502
995
229
604
976
773
504
903
628
479
621
685
255
258
373
476
368
464
229
326
882
954
87
400
28
220
964
146
677
344
332
118
162
27
113
605
188
32
8
667
812
671
802
473
84
916
217
937
629
61
148
73
423
135
999
851
346
1000
463
914
352
345
689
856
742
439
483
105
811
484
703
621
138
913
414
542
647
101
824
478
229
936
641
86
204
353
379
267
478
878
863
830
854
912
869
266
583
939
387
553
680
171
130
366
291
364
224
713
439
422
588
720
69
758
248
903
818
86
467
107
73
866
571
301
480
598
795
226
283
154
306
967
919
90
510
921
169
400
486
839
504
282
680
672
722
419
411
132
721
