8
8
11
18
27
27
28
28
30
31
32
37
37
37
38
42
43
50
51
53
56
59
61
66
69
72
73
73
76
77
79
84
86
86
87
87
88
90
90
96
97
98
101
101
103
105
107
107
113
113
118
119
119
121
121
122
127
129
130
131
132
135
136
138
138
140
141
146
146
148
151
152
152
152
154
156
157
159
160
161
162
165
166
168
168
169
171
171
171
173
176
179
184
188
188
197
199
204
206
209
212
217
220
220
221
223
224
225
226
229
229
229
229
230
244
245
248
250
255
258
260
262
263
265
266
267
267
278
279
282
282
283
284
288
290
291
292
293
296
296
301
306
314
319
319
320
321
323
323
325
326
330
332
335
336
337
337
339
340
344
345
346
352
353
356
357
359
361
362
364
364
366
366
368
370
373
373
373
374
375
375
376
379
380
387
387
387
388
390
392
393
397
398
400
400
402
403
406
407
411
414
415
415
417
418
419
419
420
421
422
423
423
427
429
434
437
437
439
439
446
447
448
449
452
454
463
464
467
467
467
468
469
472
473
475
476
478
478
479
480
482
483
484
484
486
488
495
495
498
498
501
502
504
504
504
505
508
509
510
512
527
528
530
530
531
534
536
539
542
542
546
547
547
552
553
555
558
560
560
571
573
580
580
583
584
586
588
596
596
598
600
604
605
605
607
610
610
617
617
620
621
621
624
628
629
640
641
641
642
646
647
647
647
648
649
649
652
654
656
659
666
667
671
672
674
675
677
680
680
681
685
686
687
688
689
693
702
703
703
705
705
706
706
706
707
707
708
708
710
711
713
713
713
714
720
721
722
722
725
727
727
728
729
732
732
732
734
739
742
751
752
753
753
754
758
762
772
772
773
773
773
776
776
779
787
790
792
793
795
798
801
802
803
804
810
811
812
812
813
818
820
823
824
830
830
831
836
839
841
844
844
844
848
850
851
852
854
856
856
861
863
866
869
871
873
875
876
877
878
878
878
880
881
882
883
885
887
890
890
901
903
903
909
909
909
911
911
912
913
913
914
915
916
916
917
918
919
920
920
921
923
924
924
926
926
928
931
933
936
937
939
945
945
951
951
954
954
958
959
961
964
966
967
967
968
971
972
976
980
982
985
987
987
988
990
993
995
999
999
1000
